<TICKER>,<DTYYYYMMDD>,<OPEN>,<HIGH>,<LOW>,<CLOSE>,<VOL>,<OPENINT>,<OPENINT>,<OPENINT>
خاور-ت,13970513,0,0,0,514.11,0,0.00,0,514
خاور-ت,13970514,0,0,0,514.11,0,0.00,0,514
خاور-ت,13970515,0,0,0,514.11,0,0.00,0,514
خاور-ت,13970516,0,0,0,514.11,0,0.00,0,514
خاور-ت,13970517,0,0,0,514.11,0,0.00,0,514
خاور-ت,13970520,0,0,0,514.11,0,0.00,0,514
خاور-ت,13970521,0,0,0,514.11,0,0.00,0,514
خاور-ت,13970522,0,0,0,514.11,0,0.00,0,514
خاور-ت,13970523,0,0,0,514.11,0,0.00,0,514
خاور-ت,13970524,0,0,0,514.11,0,0.00,0,514
خاور-ت,13970527,503.93,504,504,503.93,4836358,2393997210.00,181,514
خاور-ت,13970528,0,0,0,503.93,0,0.00,0,504
خاور-ت,13970529,458.12,461,458,458.12,39462466,17766485730.00,2195,504
خاور-ت,13970530,0,0,0,458.12,0,0.00,0,458
خاور-ت,13970603,489.68,549,490,523.28,13026046,6693746824.00,564,458
خاور-ت,13970604,0,0,0,523.28,0,0.00,0,523
خاور-ت,13970605,580.29,580,544,573.16,36977388,20830767480.00,1771,523
خاور-ت,13970606,0,0,0,573.16,0,0.00,0,573
خاور-ت,13970607,565.02,565,549,560.95,12638055,6958594285.00,579,573
خاور-ت,13970610,523.28,529,523,524.30,34547665,17785272178.00,1847,561
خاور-ت,13970611,0,0,0,524.30,0,0.00,0,524
خاور-ت,13970612,542.62,543,541,542.62,34732204,18507251214.00,1731,524
خاور-ت,13970613,0,0,0,542.62,0,0.00,0,543
خاور-ت,13970614,558.91,578,559,561.96,44927176,24808655767.00,2230,543
خاور-ت,13970617,585.38,631,585,605.74,37119495,22078982310.00,1475,562
خاور-ت,13970618,0,0,0,605.74,0,0.00,0,606
خاور-ت,13970619,669.88,684,670,673.95,55466229,36702083936.00,2583,606
خاور-ت,13970620,0,0,0,673.95,0,0.00,0,674
خاور-ت,13970621,763.54,886,764,816.48,31463357,25230509550.00,1293,674
خاور-ت,13970624,1058.77,1059,947,1026.19,71645078,72228404000.00,3502,816
خاور-ت,13970625,0,0,0,1026.19,0,0.00,0,1026
خاور-ت,13970626,936.61,956,937,939.66,111806308,103230426217.00,5170,1026
خاور-ت,13970627,0,0,0,939.66,0,0.00,0,940
خاور-ت,13970631,1058.77,1059,1059,1058.77,99496856,103476730240.00,4725,940
خاور-ت,13970701,0,0,0,1058.77,0,0.00,0,1059
خاور-ت,13970702,987.51,997,988,988.53,95206348,92421025153.00,5154,1059
خاور-ت,13970703,0,0,0,988.53,0,0.00,0,989
خاور-ت,13970704,997.69,998,916,974.27,36627032,35056635440.00,1915,989
خاور-ت,13970707,967.15,1018,967,987.51,61339305,59503921850.00,2739,974
خاور-ت,13970708,0,0,0,987.51,0,0.00,0,988
خاور-ت,13970709,1170.76,1171,1067,1138.18,78398591,87620843030.00,3431,988
خاور-ت,13970710,0,0,0,1138.18,0,0.00,0,1138
خاور-ت,13970711,936.61,967,937,941.70,78711461,72785250010.00,3845,1138
خاور-ت,13970714,1048.59,1049,937,1025.18,59555169,59964362160.00,2711,942
خاور-ت,13970715,0,0,0,1025.18,0,0.00,0,1025
خاور-ت,13970716,824.62,845,825,825.64,75755235,61458359310.00,4076,1025
خاور-ت,13970717,0,0,0,825.64,0,0.00,0,826
خاور-ت,13970718,881.63,882,826,843.96,27565547,22859655022.00,945,826
خاور-ت,13970721,844.98,845,733,778.81,14575954,11156958270.00,677,844
خاور-ت,13970722,0,0,0,778.81,0,0.00,0,779
خاور-ت,13970723,814.44,876,814,846.00,26770770,22250770440.00,1077,779
خاور-ت,13970724,0,0,0,846.00,0,0.00,0,846
خاور-ت,13970725,788.99,845,789,814.44,28432276,22759195875.00,1164,846
خاور-ت,13970728,913.19,913,904,912.17,68504551,61394601723.00,3408,814
خاور-ت,13970729,0,0,0,912.17,0,0.00,0,912
خاور-ت,13970730,860.25,860,825,841.93,13782751,11398181565.00,557,912
خاور-ت,13970801,0,0,0,841.93,0,0.00,0,842
خاور-ت,13970802,753.36,753,735,748.27,26496178,19487310890.00,1319,842
خاور-ت,13970805,749.28,753,749,750.30,22966276,16914739804.00,1223,748
خاور-ت,13970806,0,0,0,750.30,0,0.00,0,750
خاور-ت,13970807,824.62,835,825,825.64,49853878,40448782920.00,2474,750
خاور-ت,13970809,824.62,835,825,826.66,23030597,18710239630.00,1125,826
خاور-ت,13970812,824.62,825,794,821.57,23561396,19018424910.00,1218,827
خاور-ت,13970813,0,0,0,821.57,0,0.00,0,822
خاور-ت,13970814,797.13,835,797,817.49,16359920,13142947304.00,779,822
خاور-ت,13970815,0,0,0,817.49,0,0.00,0,817
خاور-ت,13970819,835.82,836,814,832.76,32818947,26861290197.00,1811,817
خاور-ت,13970820,0,0,0,832.76,0,0.00,0,833
خاور-ت,13970821,828.69,840,829,832.76,32982678,26982386079.00,1624,833
خاور-ت,13970822,0,0,0,832.76,0,0.00,0,833
خاور-ت,13970823,824.62,825,825,824.62,22094293,17896377330.00,1251,833
خاور-ت,13970826,795.10,795,784,794.08,22136272,17268164595.00,1304,825
خاور-ت,13970827,0,0,0,794.08,0,0.00,0,794
خاور-ت,13970828,783.90,784,784,783.90,25997454,20018039580.00,1357,794
خاور-ت,13970829,0,0,0,783.90,0,0.00,0,784
خاور-ت,13970830,783.90,804,784,786.95,13325428,10299419520.00,763,784
خاور-ت,13970903,834.80,835,825,830.73,15199085,12406177500.00,701,787
خاور-ت,13970905,823.60,824,794,807.31,4330222,3435093964.00,198,831
خاور-ت,13970906,0,0,0,807.31,0,0.00,0,807
خاور-ت,13970907,787.97,788,780,784.92,7100270,5473460332.00,418,807
خاور-ت,13970910,773.72,774,748,757.43,5533256,4119386535.00,340,785
خاور-ت,13970911,0,0,0,757.43,0,0.00,0,757
خاور-ت,13970912,772.70,773,739,760.48,14925149,11155868625.00,781,757
خاور-ت,13970913,0,0,0,760.48,0,0.00,0,760
خاور-ت,13970914,763.54,794,764,781.86,14947457,11486737140.00,737,760
خاور-ت,13970917,829.71,835,830,830.73,30312995,24744111865.00,1820,782
خاور-ت,13970918,0,0,0,830.73,0,0.00,0,831
خاور-ت,13970919,804.26,804,793,803.24,30630097,24180340629.00,1666,831
خاور-ت,13970920,0,0,0,803.24,0,0.00,0,803
خاور-ت,13970921,804.26,804,792,803.24,9912972,7817963904.00,591,803
خاور-ت,13970924,792.04,792,774,779.83,5839046,4474018670.00,307,803
خاور-ت,13970925,0,0,0,779.83,0,0.00,0,780
خاور-ت,13970926,794.08,794,758,786.95,20738060,16029402585.00,979,780
خاور-ت,13970927,0,0,0,786.95,0,0.00,0,787
خاور-ت,13970928,762.52,763,763,762.52,18309110,13713523390.00,1116,787
خاور-ت,13971001,753.36,753,753,753.36,16179469,11972807060.00,952,763
خاور-ت,13971002,0,0,0,753.36,0,0.00,0,753
خاور-ت,13971003,773.72,774,749,758.45,8461991,6303031568.00,318,753
خاور-ت,13971004,0,0,0,758.45,0,0.00,0,758
خاور-ت,13971005,752.34,774,752,760.48,15150988,11314699315.00,819,758
خاور-ت,13971008,781.86,782,751,767.61,7357229,5547433032.00,370,760
خاور-ت,13971009,0,0,0,767.61,0,0.00,0,768
خاور-ت,13971010,763.54,764,764,763.54,14405892,10804419000.00,780,768
خاور-ت,13971011,0,0,0,763.54,0,0.00,0,764
خاور-ت,13971012,783.90,804,784,788.99,40778969,31586443610.00,2050,764
خاور-ت,13971015,813.42,814,813,813.42,36624083,29270323369.00,1955,789
خاور-ت,13971016,0,0,0,813.42,0,0.00,0,813
خاور-ت,13971017,828.69,839,829,830.73,41476205,33860173760.00,2224,813
خاور-ت,13971018,0,0,0,830.73,0,0.00,0,831
خاور-ت,13971019,0,0,0,830.73,0,0.00,0,831
خاور-ت,13971022,0,0,0,830.73,0,0.00,0,831
خاور-ت,13971023,0,0,0,830.73,0,0.00,0,831
خاور-ت,13971024,834.80,835,785,809.35,10826622,8608862621.00,475,831
خاور-ت,13971025,0,0,0,809.35,0,0.00,0,809
خاور-ت,13971026,791.02,791,785,790.01,23971198,18606137862.00,1400,809
خاور-ت,13971029,795.10,813,795,797.13,18690775,14641026475.00,1031,790
خاور-ت,13971030,0,0,0,797.13,0,0.00,0,797
خاور-ت,13971101,823.60,824,799,815.46,17254304,13814698528.00,758,797
خاور-ت,13971102,0,0,0,815.46,0,0.00,0,815
خاور-ت,13971103,842.94,847,843,842.94,54742972,45346700056.00,2970,815
خاور-ت,13971106,892.83,893,855,879.59,18932294,16350226820.00,986,843
خاور-ت,13971107,0,0,0,879.59,0,0.00,0,880
خاور-ت,13971108,0,0,0,879.59,0,0.00,0,880
خاور-ت,13971109,875.52,958,835,921.33,61319201,55522162192.00,4721,880
خاور-ت,13971110,928.46,962,902,930.50,56405777,51559668028.00,3688,921
خاور-ت,13971113,924.39,924,848,882.65,29598936,25669338843.00,2215,930
خاور-ت,13971114,881.63,928,835,882.65,56050270,48619962658.00,4210,883
خاور-ت,13971115,911.15,937,896,910.14,26322504,23542252582.00,1871,883
خاور-ت,13971116,911.15,911,876,887.74,15527947,13539902740.00,1115,910
خاور-ت,13971117,896.90,916,853,879.59,33558108,29005372645.00,2519,888
خاور-ت,13971121,897.92,912,864,887.74,24138223,21057952368.00,1659,880
خاور-ت,13971123,868.40,884,843,852.11,16115280,13490161090.00,1298,888
خاور-ت,13971124,841.93,855,810,821.57,24299627,19602248928.00,1809,852
خاور-ت,13971127,824.62,844,799,816.48,22736018,18244475788.00,1828,822
خاور-ت,13971128,804.26,804,765,776.77,19755940,15081183349.00,1634,816
خاور-ت,13971129,783.90,805,777,794.08,11792494,9202500881.00,905,777
خاور-ت,13971130,794.08,831,786,814.44,12942483,10350438803.00,1088,794
خاور-ت,13971201,813.42,824,784,802.22,11615445,9150937752.00,900,814
خاور-ت,13971204,788.99,848,784,811.39,18988962,15136955937.00,1413,802
خاور-ت,13971205,824.62,854,810,829.71,16612408,13538033333.00,1374,811
خاور-ت,13971206,813.42,839,794,811.39,18893223,15056883604.00,1364,830
خاور-ت,13971207,793.06,794,775,783.90,16793534,12925624518.00,1246,811
خاور-ت,13971208,801.20,801,775,780.84,11675152,8957775421.00,956,784
خاور-ت,13971211,794.08,794,766,774.74,12655070,9636126141.00,903,781
خاور-ت,13971212,767.61,789,757,768.63,19600851,14789137992.00,1426,775
خاور-ت,13971213,774.74,783,757,768.63,15979527,12058698567.00,1047,769
خاور-ت,13971214,772.70,773,743,752.34,12921949,9544552369.00,1036,769
خاور-ت,13971215,748.27,762,748,753.36,12018310,8898682743.00,827,752
خاور-ت,13971218,763.54,784,740,759.46,16170369,12063514485.00,1222,753
خاور-ت,13971219,771.68,772,743,757.43,14275472,10623791299.00,864,759
خاور-ت,13971220,761.50,762,737,742.16,24256655,17686663152.00,1715,757
خاور-ت,13971221,745.21,752,737,743.18,9568824,6989631301.00,743,742
خاور-ت,13971222,736.05,753,733,738.09,17041944,12359708713.00,1284,743
خاور-ت,13971225,735.03,748,734,740.12,8720873,6341702722.00,768,738
خاور-ت,13971226,747.25,766,740,755.39,14785646,10971147510.00,1211,740
خاور-ت,13971227,762.52,772,748,760.48,11607374,8674362145.00,864,755
خاور-ت,13971228,762.52,770,756,761.50,10846414,8111267488.00,896,760
خاور-ت,13980105,764.55,808,753,785.93,13367008,10321128627.00,1046,762
خاور-ت,13980106,807.31,864,807,850.07,46015918,38434298377.00,3446,786
خاور-ت,13980107,875.52,896,826,853.13,34916534,29244032654.00,2569,850
خاور-ت,13980110,840.91,891,816,859.23,31017024,26193569899.00,2195,853
خاور-ت,13980111,874.50,897,845,867.38,28594330,24365089570.00,1861,859
خاور-ت,13980117,839.89,893,825,866.36,23959514,20386226837.00,1855,867
خاور-ت,13980118,885.70,915,858,895.88,36330885,31962825552.00,2690,866
خاور-ت,13980119,855.16,881,841,863.31,29957558,25389709026.00,1866,896
خاور-ت,13980120,854.14,854,826,835.82,26876428,22059405852.00,1820,863
خاور-ت,13980121,834.80,876,828,850.07,30923110,25805636502.00,1934,836
خاور-ت,13980124,847.02,865,827,839.89,21480342,17711661213.00,1531,850
خاور-ت,13980125,829.71,855,825,836.84,27936474,22950250667.00,1861,840
خاور-ت,13980126,844.98,870,841,856.18,37339820,31387329156.00,2317,837
خاور-ت,13980127,861.27,861,829,840.91,25511903,21068939962.00,1763,856
خاور-ت,13980128,839.89,845,806,820.55,22683005,18275467765.00,1512,841
خاور-ت,13980131,865.34,902,865,897.92,44923466,39624312154.00,2691,821
خاور-ت,13980202,946.79,953,877,916.24,70021171,63003984122.00,4373,898
خاور-ت,13980203,876.54,911,865,886.72,27469182,23934898887.00,1900,916
خاور-ت,13980204,865.34,916,864,886.72,32750926,28533831150.00,2092,887
خاور-ت,13980207,906.06,926,886,904.03,27798449,24695259872.00,1861,887
خاور-ت,13980208,893.85,907,878,886.72,26785730,23336819715.00,1713,904
خاور-ت,13980209,901.99,922,879,910.14,39013361,34860418002.00,2687,887
خاور-ت,13980210,923.37,976,917,945.77,58850904,54648684367.00,4162,910
خاور-ت,13980211,955.95,1039,943,1006.85,99773631,98690893649.00,6274,946
خاور-ت,13980214,1079.13,1107,1069,1103.57,70704858,76656931784.00,3557,1007
خاور-ت,13980215,1210.46,1214,1131,1196.21,113380376,133246312145.00,6554,1104
خاور-ت,13980216,1211.48,1288,1077,1155.49,132608698,150567030640.00,8138,1196
خاور-ت,13980217,1142.25,1171,1040,1057.75,68979327,71687052767.00,4267,1155
خاور-ت,13980218,1048.59,1161,1018,1104.58,110095018,119465899613.00,6925,1058
خاور-ت,13980221,1211.48,1215,1123,1193.15,147657606,173115271813.00,8821,1105
خاور-ت,13980222,1242.02,1263,1130,1208.42,115242572,136842111524.00,7638,1193
خاور-ت,13980223,1303.10,1329,1262,1310.23,129453425,166608261585.00,7498,1208
خاور-ت,13980224,1394.73,1441,1357,1414.07,119395210,165882745008.00,7926,1310
خاور-ت,13980225,1470.06,1470,1460,1469.04,3828339,5523854687.00,199,1414
خاور-ت,13980228,0,0,0,1469.04,0,0.00,0,1469
خاور-ت,13980229,0,0,0,1469.04,0,0.00,0,1469
خاور-ت,13980230,1322.45,1322,1191,1258.31,98050498,121197221493.00,6475,1469
خاور-ت,13980231,1321.43,1374,1313,1352.99,72515551,96357953857.00,5283,1258
خاور-ت,13980301,1333.64,1405,1274,1330.59,73502778,96058141985.00,5415,1353
خاور-ت,13980304,1253.22,1301,1202,1255.25,55134809,67954798081.00,4057,1331
خاور-ت,13980305,1262.38,1334,1254,1290.89,49340377,62561768170.00,3890,1255
خاور-ت,13980307,1292.92,1359,1264,1307.18,55487451,71235006743.00,4077,1291
خاور-ت,13980308,1338.73,1394,1308,1358.08,56326639,75158888905.00,4304,1307
خاور-ت,13980311,1328.55,1366,1262,1319.39,47974158,62183348820.00,3394,1358
خاور-ت,13980312,1283.76,1333,1274,1295.98,62070652,78993314409.00,4663,1319
خاور-ت,13980313,1262.38,1319,1201,1246.09,74612579,91334400884.00,5820,1296
خاور-ت,13980318,1231.84,1232,1161,1185.01,44345851,51602887369.00,3626,1246
خاور-ت,13980319,1246.09,1303,1246,1295.98,44425735,56550093318.00,2887,1185
خاور-ت,13980320,1367.24,1370,1262,1329.57,57080665,74552996013.00,3856,1296
خاور-ت,13980321,1305.14,1405,1252,1350.95,73580020,97673417364.00,4907,1330
خاور-ت,13980322,1374.37,1476,1374,1428.32,56206620,78878531740.00,4294,1351
خاور-ت,13980325,1357.06,1502,1323,1430.36,58195843,81753432411.00,4232,1428
خاور-ت,13980326,1469.04,1529,1393,1464.97,55567459,79939752038.00,4195,1430
خاور-ت,13980327,1435.45,1454,1395,1415.09,27773491,38616435770.00,2374,1465
خاور-ت,13980328,1338.73,1461,1339,1410.00,31192072,43195203105.00,2534,1415
خاور-ت,13980329,1404.91,1445,1324,1362.15,24867063,33271607216.00,1959,1410
خاور-ت,13980401,1343.82,1363,1242,1319.39,18917966,24509302623.00,1555,1362
خاور-ت,13980402,1342.81,1404,1328,1380.47,20603697,27936571335.00,1891,1319
خاور-ت,13980403,1416.11,1446,1405,1433.41,33039328,46518159814.00,2482,1380
خاور-ت,13980404,1455.81,1456,1374,1419.16,28108405,39180868115.00,2286,1433
خاور-ت,13980405,1435.45,1458,1360,1410.00,33457411,46341379165.00,2550,1419
خاور-ت,13980409,1402.87,1550,1374,1477.19,75355545,109364129375.00,5538,1410
خاور-ت,13980410,1608.52,1625,1544,1598.34,87667470,137631441404.00,6870,1477
خاور-ت,13980411,1674.69,1750,1650,1706.25,42274886,70845904005.00,4142,1598
خاور-ت,13980412,1772.42,1950,1771,1840.63,44510703,80479977605.00,3488,1706
خاور-ت,13980415,1822.31,1822,1666,1719.48,65968621,111436495526.00,5501,1841
خاور-ت,13980416,1689.96,1827,1690,1784.64,39253233,68826008895.00,3622,1719
خاور-ت,13980417,1852.85,1961,1853,1915.97,59178263,111369963784.00,4734,1785
خاور-ت,13980418,1981.12,2027,1884,1961.78,63017232,121447086855.00,5570,1916
خاور-ت,13980419,1934.29,1961,1811,1888.48,67399203,125045903668.00,5783,1962
خاور-ت,13980422,1954.65,2027,1924,1983.16,39670791,77271105892.00,3984,1888
خاور-ت,13980423,2063.59,2158,1983,2088.02,57573341,118069521336.00,5939,1983
خاور-ت,13980424,2128.74,2220,1980,2083.95,81799284,167454042098.00,7418,2088
خاور-ت,13980425,2084.96,2085,1876,1902.73,56754365,106067852219.00,5044,2084
خاور-ت,13980426,1832.49,2036,1832,1969.93,56239836,108837091414.00,4788,1903
خاور-ت,13980429,1974.00,2085,1888,1999.45,46591228,91513037214.00,4503,1970
خاور-ت,13980430,0,0,0,1999.45,0,0.00,0,1999
خاور-ت,13980431,0,0,0,1999.45,0,0.00,0,1999
خاور-ت,13980501,0,0,0,1999.45,0,0.00,0,1999
خاور-ت,13980502,0,0,0,1999.45,0,0.00,0,1999
خاور-ت,13980505,0,0,0,1999.45,0,0.00,0,1999
خاور-ت,13980506,0,0,0,1999.45,0,0.00,0,1999
خاور-ت,13980507,1842.67,1965,1843,1882.37,27458175,50770494375.00,2467,1999
خاور-ت,13980508,1873.21,1983,1825,1906.81,42668000,79898855335.00,4531,1882
خاور-ت,13980509,1969.93,1970,1872,1894.59,30321207,56427312172.00,2991,1907
خاور-ت,13980512,1929.20,2016,1883,1958.73,26814900,51599310226.00,2799,1895
خاور-ت,13980513,1965.85,2136,1924,2052.39,64572091,130206343831.00,6199,1959
خاور-ت,13980514,2152.16,2219,2113,2158.26,43863028,92981841523.00,4646,2052
خاور-ت,13980515,2138.92,2183,2078,2132.81,35376567,74118673968.00,3736,2158
خاور-ت,13980516,2127.72,2217,2119,2167.43,25641423,54594754088.00,2911,2133
خاور-ت,13980519,2193.90,2383,2160,2320.13,58738214,133873842774.00,5846,2167
خاور-ت,13980520,2443.32,2494,2375,2430.08,43698411,104317528635.00,4916,2320
خاور-ت,13980522,2439.25,2545,2292,2441.28,30521918,73178882165.00,3992,2430
خاور-ت,13980523,2464.70,2657,2465,2588.90,39421137,100256979967.00,4468,2441
خاور-ت,13980526,2621.48,2782,2599,2716.16,47515451,126758897600.00,5082,2589
خاور-ت,13980527,2777.24,2800,2580,2687.65,33642215,88831888602.00,4081,2716
خاور-ت,13980528,2682.56,2769,2588,2687.65,24047636,63477337280.00,3013,2688
خاور-ت,13980530,2731.43,2768,2647,2701.90,33560061,89072345998.00,3854,2688
خاور-ت,13980602,2758.91,2839,2718,2771.13,25204340,68595532157.00,3269,2702
خاور-ت,13980603,2778.26,2778,2494,2592.97,55307701,140861857382.00,6057,2771
خاور-ت,13980604,2657.11,2737,2616,2689.69,27392919,72363821973.00,3039,2593
خاور-ت,13980605,2687.65,2688,2520,2601.12,41764019,106698947014.00,4919,2690
خاور-ت,13980606,2341.51,2462,2342,2351.69,67004819,154772462871.00,5757,2601
خاور-ت,13980609,2136.89,2290,2117,2137.90,33370330,70083169812.00,2713,2352
خاور-ت,13980610,2073.77,2136,2074,2076.82,83106936,169536790412.00,6428,2138
خاور-ت,13980611,2036.10,2086,2015,2026.94,34207817,68095175640.00,3165,2077
خاور-ت,13980612,1966.87,2087,1967,2041.19,80162665,160741626225.00,7107,2027
خاور-ت,13980613,2102.27,2102,2097,2102.27,14157827,29235525485.00,1300,2041
خاور-ت,13980616,0,0,0,2102.27,0,0.00,0,2102
خاور-ت,13980617,0,0,0,2102.27,0,0.00,0,2102
خاور-ت,13980620,0,0,0,2102.27,0,0.00,0,2102
خاور-ت,13980623,0,0,0,2102.27,0,0.00,0,2102
خاور-ت,13980624,0,0,0,2102.27,0,0.00,0,2102
خاور-ت,13980625,2227.49,2227,2227,2227.49,1140527,2495473076.00,80,2102
خاور-ت,13980626,2293.66,2294,2161,2224.44,82309121,179813288164.00,7500,2227
خاور-ت,13980627,2161.32,2161,2161,2161.32,3411811,7243274753.00,375,2224
خاور-ت,13980630,2161.32,2161,2161,2161.32,1804282,3830490686.00,167,2161
خاور-ت,13980631,2161.32,2161,2161,2161.32,2213605,4699483415.00,209,2161
خاور-ت,13980701,2260.07,2294,2161,2212.22,34852337,75730458761.00,3454,2161
خاور-ت,13980702,2160.30,2188,2097,2120.60,19337540,40287279227.00,1810,2212
خاور-ت,13980703,2057.48,2057,2057,2057.48,13581636,27448486356.00,1050,2121
خاور-ت,13980706,2006.57,2087,1996,2005.56,39118422,77074503752.00,4176,2057
خاور-ت,13980707,1955.67,2023,1945,1960.76,46293511,89184161119.00,4309,2006
خاور-ت,13980708,1982.14,2019,1966,2005.56,42826948,84373237606.00,3830,1961
خاور-ت,13980709,1985.20,2035,1945,1956.69,42070214,80843545036.00,3492,2006
خاور-ت,13980710,1904.77,1933,1899,1900.70,39482030,73719672780.00,3386,1957
خاور-ت,13980713,1863.03,1955,1852,1902.73,29146883,54466344353.00,2873,1901
خاور-ت,13980714,1866.08,1902,1846,1857.94,23898053,43624752671.00,2355,1903
خاور-ت,13980715,1904.77,1913,1859,1910.88,27643403,51881079419.00,2126,1858
خاور-ت,13980716,1962.80,1963,1854,1887.46,13885523,25742500857.00,1258,1911
خاور-ت,13980717,1832.49,1853,1831,1831.47,17999731,32389146438.00,1470,1887
خاور-ت,13980720,1817.22,1878,1778,1789.73,19825287,34862611861.00,2081,1831
خاور-ت,13980721,1738.83,1761,1737,1737.81,29676335,50671148176.00,2455,1790
خاور-ت,13980722,1685.89,1721,1686,1685.89,9728880,16112399775.00,877,1738
خاور-ت,13980723,1636.00,1636,1636,1636.00,5703976,9166289432.00,393,1686
خاور-ت,13980724,1587.14,1587,1587,1587.14,1653029,2577072211.00,235,1636
خاور-ت,13980728,1508.75,1509,1509,1508.75,2646372,3921923304.00,238,1587
خاور-ت,13980729,1463.95,1506,1464,1465.99,32660540,47034049484.00,2550,1509
خاور-ت,13980730,1476.17,1510,1436,1484.32,19311225,28156700889.00,1857,1466
خاور-ت,13980801,1528.09,1528,1486,1520.97,18088302,27024771637.00,1492,1484
خاور-ت,13980804,1565.76,1566,1566,1565.76,2590966,3984905708.00,204,1521
خاور-ت,13980806,1612.59,1613,1613,1612.59,336314,532721376.00,48,1566
خاور-ت,13980808,1693.02,1693,1693,1693.02,477022,793287586.00,54,1613
خاور-ت,13980811,1742.90,1743,1696,1738.83,20251532,34590374711.00,1550,1693
خاور-ت,13980812,1771.41,1791,1733,1782.60,14041380,24587515127.00,1286,1739
خاور-ت,13980813,1826.38,1836,1762,1808.06,14382041,25545362949.00,1788,1783
خاور-ت,13980814,1754.10,1822,1754,1772.42,10715973,18657755264.00,1317,1808
خاور-ت,13980818,1812.13,1822,1767,1792.78,8797101,15493231059.00,1093,1772
خاور-ت,13980819,1766.32,1792,1740,1743.92,6741836,11549304586.00,766,1793
خاور-ت,13980820,1718.47,1760,1692,1715.41,13322883,22446104966.00,1488,1744
خاور-ت,13980821,1755.12,1755,1698,1731.70,7409635,12603594046.00,975,1715
خاور-ت,13980822,1729.67,1736,1680,1702.18,13100059,21907228064.00,1406,1732
خاور-ت,13980825,1660.44,1688,1651,1655.35,8202003,13335143323.00,919,1702
خاور-ت,13980826,1606.48,1606,1606,1606.48,858541,1354777698.00,115,1655
خاور-ت,13980827,1558.63,1612,1559,1569.83,17381653,26801861249.00,1527,1606
خاور-ت,13980828,1598.34,1617,1587,1612.59,8870136,14053380493.00,726,1570
خاور-ت,13980829,1660.44,1660,1638,1660.44,10803519,17618203571.00,931,1613
خاور-ت,13980902,1708.29,1708,1658,1682.84,8727704,14423746792.00,1022,1660
خاور-ت,13980903,1727.63,1728,1685,1704.21,6715182,11241283921.00,956,1683
خاور-ت,13980904,1718.47,1748,1692,1713.38,10903489,18355305186.00,1292,1704
خاور-ت,13980905,1717.45,1717,1662,1664.51,26458245,43254607474.00,2483,1713
خاور-ت,13980906,1614.63,1670,1615,1634.99,17956721,28840450502.00,1907,1665
خاور-ت,13980909,1667.56,1684,1632,1665.53,17216963,28165650120.00,1635,1635
خاور-ت,13980910,1667.56,1715,1668,1709.30,16118241,27059913690.00,1514,1666
خاور-ت,13980911,1756.13,1760,1691,1743.92,22158101,37953985085.00,1979,1709
خاور-ت,13980912,1745.95,1782,1715,1749.01,15375010,26420488425.00,1457,1744
خاور-ت,13980913,1781.59,1801,1751,1791.77,25133078,44242013384.00,2512,1749
خاور-ت,13980916,1822.31,1845,1797,1815.18,23890583,42602384486.00,2521,1792
خاور-ت,13980917,1868.12,1869,1843,1868.12,11857467,21761207727.00,1190,1815
خاور-ت,13980918,1924.11,1924,1902,1924.11,16738273,31634090139.00,1635,1868
خاور-ت,13980919,1981.12,1981,1883,1955.67,22624683,43472712994.00,2084,1924
خاور-ت,13980920,1903.75,1993,1898,1924.11,18859455,35643642583.00,2050,1956
خاور-ت,13980923,1951.60,1952,1888,1919.02,21624231,40772341022.00,2206,1924
خاور-ت,13980924,1941.42,1955,1874,1909.86,18380045,34478387310.00,1840,1919
خاور-ت,13980925,1895.61,1921,1855,1882.37,24520052,45327737149.00,2528,1910
خاور-ت,13980926,1850.81,1924,1851,1880.34,23429706,43270830414.00,2456,1882
خاور-ت,13980927,1893.57,1936,1881,1932.26,26292789,49907277245.00,2240,1880
خاور-ت,13980930,1989.27,1989,1955,1985.20,16100747,31403772983.00,1545,1932
خاور-ت,13981001,2043.22,2043,1985,2016.76,15675975,31048477083.00,1850,1985
خاور-ت,13981002,2020.83,2067,1957,1988.25,33149809,64725606097.00,3146,2017
خاور-ت,13981003,1985.20,1999,1939,1978.07,20826020,40456524122.00,1990,1988
خاور-ت,13981004,2024.90,2037,1975,2021.85,32128444,63810770340.00,2617,1978
خاور-ت,13981007,2081.91,2082,2082,2081.91,4804894,9826008230.00,372,2022
خاور-ت,13981008,2144.01,2144,2083,2141.98,32774944,68956907711.00,2117,2082
خاور-ت,13981009,2248.87,2249,2249,2248.87,7553709,16686143181.00,596,2142
خاور-ت,13981010,2316.06,2316,2236,2306.90,82308842,186545780539.00,6458,2249
خاور-ت,13981011,2361.87,2375,2291,2359.84,19055642,44169067508.00,1836,2307
خاور-ت,13981014,2289.59,2290,2290,2289.59,1092618,2457297882.00,150,2360
خاور-ت,13981015,2221.38,2221,2221,2221.38,2477475,5405850450.00,280,2290
خاور-ت,13981017,2155.21,2155,2155,2155.21,2848173,6029582241.00,216,2221
خاور-ت,13981018,2112.45,2112,2112,2112.45,5551932,11520258900.00,308,2155
خاور-ت,13981021,2154.19,2154,2154,2154.19,3079743,6516736188.00,211,2112
خاور-ت,13981022,2218.33,2218,2218,2218.33,4765501,10384026679.00,325,2154
خاور-ت,13981023,2284.50,2285,2285,2284.50,3652947,8197213068.00,299,2218
خاور-ت,13981024,2398.52,2399,2189,2391.40,65760710,154464348145.00,5609,2285
خاور-ت,13981025,2325.22,2462,2323,2415.83,32593181,77349774572.00,3462,2391
خاور-ت,13981028,2462.66,2488,2411,2469.79,42244077,102497604267.00,3946,2416
خاور-ت,13981029,2422.96,2489,2396,2427.03,32776335,78125248481.00,3308,2470
خاور-ت,13981030,2422.96,2499,2375,2452.48,29180260,70301103103.00,2890,2427
خاور-ت,13981101,2514.58,2515,2379,2424.99,25466335,60654901706.00,2604,2452
خاور-ت,13981102,2372.05,2497,2372,2467.75,36281203,87955347483.00,3144,2425
خاور-ت,13981105,2511.53,2541,2504,2534.94,24761508,61666641813.00,2510,2468
خاور-ت,13981106,2609.26,2609,2460,2492.18,41502661,101588143044.00,3666,2535
خاور-ت,13981107,2417.87,2536,2418,2447.39,27468409,66034405569.00,2595,2492
خاور-ت,13981108,2448.41,2515,2418,2454.52,30081308,72529992948.00,3080,2447
خاور-ت,13981112,2527.82,2528,2509,2526.80,29149622,72359106287.00,2497,2455
خاور-ت,13981113,2583.81,2602,2533,2590.94,33461990,85176514126.00,3601,2527
خاور-ت,13981114,2664.23,2668,2628,2667.29,36465761,95543563739.00,3253,2591
خاور-ت,13981115,2746.70,2747,2588,2709.03,49050006,130515362656.00,4278,2667
خاور-ت,13981116,2745.68,2774,2667,2720.23,28583330,76368209747.00,3241,2709
خاور-ت,13981119,2659.14,2759,2639,2647.95,37929377,98672817227.00,3581,2720
خاور-ت,13981120,2657.11,2721,2637,2676.45,26301566,69137639846.00,2850,2648
خاور-ت,13981121,2748.73,2749,2597,2634.71,27332937,70743694424.00,2837,2676
خاور-ت,13981123,2657.11,2677,2556,2598.06,31987869,81630174397.00,3467,2635
خاور-ت,13981126,2575.66,2576,2521,2531.89,15397323,38291190564.00,1432,2598
خاور-ت,13981127,2456.55,2532,2457,2467.75,59312793,143758385663.00,4981,2532
خاور-ت,13981128,2433.14,2443,2394,2399.54,19306410,45500970175.00,1955,2468
خاور-ت,13981129,2280.43,2392,2280,2314.03,48775874,110862983878.00,4580,2400
خاور-ت,13981130,2379.18,2383,2321,2377.14,28145013,65718623008.00,2774,2314
خاور-ت,13981203,2305.88,2423,2306,2327.26,36538046,83532405387.00,3605,2377
خاور-ت,13981204,2390.38,2396,2331,2390.38,21956856,51563524944.00,2179,2327
خاور-ت,13981205,2453.50,2453,2327,2378.16,29858980,69762806637.00,3427,2390
خاور-ت,13981206,2366.96,2443,2321,2384.27,49535515,115992852835.00,5000,2378
خاور-ت,13981207,2440.26,2456,2403,2450.44,38195100,91939466693.00,3517,2384
خاور-ت,13981210,2393.43,2494,2377,2410.74,34718263,82224618272.00,3556,2450
خاور-ت,13981211,2464.70,2483,2411,2464.70,25553345,61862213540.00,2797,2411
خاور-ت,13981212,2535.96,2538,2466,2524.76,30351540,75259523139.00,2777,2465
خاور-ت,13981213,2584.83,2600,2540,2576.68,32073104,81189801498.00,3581,2525
خاور-ت,13981214,2653.04,2653,2574,2603.15,19265494,49262557084.00,1934,2577
خاور-ت,13981217,2525.78,2545,2526,2525.78,8738546,21682442541.00,928,2603
خاور-ت,13981219,2450.44,2450,2450,2501.35,2510153,6041938271.00,309,2526
خاور-ت,13981220,2427.03,2427,2427,2427.03,9482265,22605719760.00,804,2501
خاور-ت,13981221,2311.99,2427,2306,2334.39,52472839,120338299484.00,5396,2427
خاور-ت,13981224,2266.18,2338,2265,2276.36,9413112,21051517737.00,971,2334
خاور-ت,13981225,2208.15,2208,2208,2227.49,6224828,13501651932.00,570,2276
خاور-ت,13981226,2240.73,2294,2161,2193.90,40075557,86377553215.00,3870,2227
خاور-ت,13981227,2219.35,2235,2148,2183.72,22829824,48970980734.00,2329,2194
خاور-ت,13981228,2188.81,2249,2184,2235.64,21996737,48305403511.00,2070,2184
خاور-ت,13990105,2300.79,2301,2209,2271.27,16090120,35898828850.00,2090,2236
خاور-ت,13990106,2310.97,2338,2286,2327.26,18383571,42018744161.00,1666,2271
خاور-ت,13990109,2396.49,2396,2396,2383.25,7097936,16708541344.00,659,2327
خاور-ت,13990110,2454.52,2455,2338,2409.72,29364942,69497172108.00,2859,2383
خاور-ت,13990111,2391.40,2427,2337,2362.89,50815954,117932242568.00,4252,2410
خاور-ت,13990116,2420.92,2433,2379,2426.01,22612071,53890250489.00,2168,2363
خاور-ت,13990117,2473.86,2474,2354,2386.31,40006085,93767204019.00,3976,2426
خاور-ت,13990118,2392.42,2458,2343,2423.97,46010396,109539052684.00,3113,2386
خاور-ت,13990119,2496.26,2496,2496,2485.06,7273645,17834977540.00,606,2424
خاور-ت,13990120,2559.38,2559,2559,2546.14,7060002,17748845028.00,580,2485
خاور-ت,13990123,2622.49,2622,2622,2585.84,4162854,10723511904.00,321,2546
خاور-ت,13990124,2715.14,2715,2715,2714.12,7924512,21134673504.00,385,2586
خاور-ت,13990125,2794.54,2795,2749,2792.51,74527308,204461665296.00,2941,2714
خاور-ت,13990126,2875.99,2876,2802,2865.81,42678429,120124420437.00,2895,2793
خاور-ت,13990127,2951.32,2951,2951,2907.55,3874710,11232784290.00,590,2866
خاور-ت,13990130,3052.11,3052,3052,2973.72,3207515,9616129970.00,280,2908
خاور-ت,13990131,3062.29,3062,2974,3057.20,51218082,153801408728.00,2674,2974
خاور-ت,13990201,3130.50,3149,3058,3134.57,17826781,54890568959.00,1000,3057
خاور-ت,13990202,3228.23,3228,3228,3228.23,26293606,83377024626.00,1109,3135
خاور-ت,13990203,3389.09,3389,3377,3389.09,34458406,114707871679.00,1658,3228
خاور-ت,13990206,3489.87,3490,3490,3489.87,8222797,28187748116.00,282,3389
خاور-ت,13990207,3593.71,3594,3388,3578.44,66889309,235084889372.00,3907,3490
خاور-ت,13990208,3684.32,3685,3563,3678.21,70011822,252940003173.00,4929,3578
خاور-ت,13990209,3861.46,3861,3788,3860.44,30310741,114948147812.00,2299,3678
خاور-ت,13990210,3975.48,3975,3975,3975.48,20284893,79212507165.00,947,3860
خاور-ت,13990213,4094.59,4095,4095,4094.59,6064612,24391869464.00,359,3975
خاور-ت,13990214,4216.76,4217,4217,4216.76,9772968,40479633456.00,550,4095
خاور-ت,13990215,4427.50,4427,4217,4404.08,57812841,250076461281.00,3913,4217
خاور-ت,13990216,4535.41,4535,4274,4500.80,90649928,400806160162.00,6810,4404
خاور-ت,13990217,4433.60,4635,4434,4605.65,37503821,169683661126.00,3192,4501
خاور-ت,13990220,4743.09,4743,4743,4743.09,13839609,64478738331.00,731,4606
خاور-ت,13990221,4884.60,4885,4885,4884.60,8535883,40955166634.00,421,4743
خاور-ت,13990222,5127.91,5128,5128,5127.91,9752715,49124425455.00,480,4885
خاور-ت,13990223,5281.64,5282,4974,5212.41,163569443,837492284103.00,11827,5128
خاور-ت,13990224,5212.41,5368,5060,5341.70,97630423,512246387579.00,7636,5212
خاور-ت,13990227,5496.45,5502,5182,5307.09,44530247,232155275509.00,4324,5342
خاور-ت,13990228,5148.27,5212,5148,5154.38,49362156,249943095751.00,3699,5307
خاور-ت,13990229,5151.33,5306,5001,5127.91,65183423,328327306376.00,6799,5154
خاور-ت,13990230,5232.77,5233,4974,5016.95,74830124,368764543642.00,6271,5128
خاور-ت,13990231,4867.29,4867,4867,4867.29,13909839,66502940259.00,1462,5017
خاور-ت,13990303,4721.71,4722,4722,4721.71,16593829,76962178902.00,1417,4867
خاور-ت,13990306,4486.54,4487,4487,4560.86,2869176,12644458632.00,330,4722
خاور-ت,13990307,4424.44,4622,4424,4446.84,58512847,255561630726.00,4577,4561
خاور-ت,13990310,4577.15,4580,4459,4575.11,28833349,129570598738.00,2194,4447
خاور-ت,13990311,4711.53,4712,4439,4548.64,39322660,175686230938.00,3314,4575
خاور-ت,13990312,4412.22,4548,4412,4429.53,29592244,128747231435.00,2123,4549
خاور-ت,13990313,4326.71,4530,4325,4418.33,46790209,203051440525.00,4357,4430
خاور-ت,13990317,4484.51,4551,4418,4523.19,43583409,193647519762.00,3823,4418
خاور-ت,13990318,4658.59,4659,4652,4658.59,23396337,107059938915.00,2237,4523
خاور-ت,13990319,4795.01,4795,4519,4625.00,30782899,139858787367.00,3339,4659
خاور-ت,13990320,4582.24,4633,4487,4506.90,33221507,147065666207.00,2699,4625
خاور-ت,13990321,4580.20,4630,4492,4566.97,35499781,159234424147.00,4148,4507
خاور-ت,13990324,4703.39,4703,4703,4703.39,11165524,51584720880.00,1117,4567
خاور-ت,13990325,4843.88,4844,4748,4841.84,44557379,211893310634.00,3288,4703
خاور-ت,13990326,4986.40,4986,4986,4986.40,7763634,38026279332.00,815,4842
خاور-ت,13990327,5135.04,5135,5135,5135.04,6742720,34010279680.00,718,4986
خاور-ت,13990331,5288.77,5289,5289,5288.77,10749520,55843756400.00,791,5135
خاور-ت,13990401,5552.44,5552,5552,5552.44,5362380,29246420520.00,519,5289
خاور-ت,13990402,5718.38,5718,5718,5718.38,6380527,35839420159.00,568,5552
خاور-ت,13990403,5889.41,5889,5889,5889.41,5405552,31271118320.00,631,5718
خاور-ت,13990404,6065.54,6066,6066,6065.54,9859327,58741870266.00,602,5889
خاور-ت,13990407,6367.90,6368,6368,6367.90,6332220,39608036100.00,445,6066
خاور-ت,13990408,6558.27,6558,6383,6546.06,56613997,364026899562.00,4469,6368
خاور-ت,13990409,6658.04,6742,6351,6555.22,70740479,455511299568.00,6699,6546
خاور-ت,13990410,6751.70,6752,6752,6730.32,2986240,19804743680.00,657,6555
خاور-ت,13990411,7066.28,7066,7066,7066.28,15312100,106281286100.00,1550,6730
خاور-ت,13990414,7278.03,7278,6923,7242.40,62004681,441119131751.00,8677,7066
خاور-ت,13990415,7459.25,7459,7299,7454.16,23496440,172038746283.00,2825,7242
خاور-ت,13990416,7677.11,7677,7677,7677.11,9081215,68481442315.00,489,7454
خاور-ت,13990417,8060.91,8061,8061,8060.91,9806983,77651691394.00,638,7677
خاور-ت,13990418,8302.19,8302,7890,8247.22,62143635,503401303743.00,6642,8061
خاور-ت,13990421,8327.64,8495,8104,8434.54,47147601,390596667315.00,6325,8247
خاور-ت,13990422,8687.01,8687,8687,8687.01,3712804,31681356532.00,389,8435
خاور-ت,13990423,9120.70,9121,9121,9120.70,6137805,54988594995.00,529,8687
خاور-ت,13990424,9393.54,9394,9394,9393.54,3091734,28527429618.00,418,9121
خاور-ت,13990425,9674.52,9675,9675,9674.52,3917118,37224372354.00,491,9394
خاور-ت,13990428,9964.66,9965,9386,9891.37,85143567,827220224722.00,9781,9675
خاور-ت,13990429,0,0,0,9891.37,0,0.00,0,9891
خاور-ت,13990430,0,0,0,9891.37,0,0.00,0,9891
خاور-ت,13990431,0,0,0,9891.37,0,0.00,0,9891
خاور-ت,13990501,0,0,0,9891.37,0,0.00,0,9891
خاور-ت,13990504,10187.62,10188,10188,10187.62,2423491,24251874437.00,284,9891
خاور-ت,13990505,10493.03,10493,10493,10493.03,5495292,56639974644.00,617,10188
خاور-ت,13990506,10807.61,10808,10808,10615.20,797348,8464646368.00,76,10493
خاور-ت,13990507,10932.83,10933,10933,10932.83,13560387,145624995993.00,894,10615
خاور-ت,13990508,0,0,0,10932.83,0,0.00,0,10933
خاور-ت,13990511,0,0,0,10932.83,0,0.00,0,10933
خاور-ت,13990512,0,0,0,10932.83,0,0.00,0,10933
خاور-ت,13990513,0,0,0,10932.83,0,0.00,0,10933
خاور-ت,13990514,12583.09,0,0,10932.83,0,0.00,0,10933
خاور-ت,13990515,11697.38,12048,11347,11495.81,33596362,379372103683.00,4194,10933
خاور-ت,13990519,11151.71,11152,11152,11151.71,10225972,112015297288.00,1749,11496
خاور-ت,13990520,10817.79,10818,10818,10893.13,1548052,16449600552.00,504,11152
خاور-ت,13990521,10566.33,10566,10566,10778.09,704272,7309639088.00,240,10893
خاور-ت,13990522,10239.54,10240,10240,10239.54,3229955,32486887390.00,514,10778
خاور-ت,13990525,9933.11,9933,9933,10050.18,1230202,12003080914.00,372,10240
خاور-ت,13990526,9748.84,9749,9749,9938.20,740400,7090070400.00,226,10050
خاور-ت,13990527,9640.93,9641,9641,9776.33,1087718,10300689460.00,319,9938
خاور-ت,13990528,9287.66,9722,9288,9353.84,130737881,1201155790769.00,12161,9776
خاور-ت,13990529,9073.87,9074,9074,9224.54,919134,8192241342.00,252,9354
خاور-ت,13990601,8948.65,8949,8949,8948.65,4769707,41925724530.00,508,9225
خاور-ت,13990602,8680.90,8681,8681,8797.98,1238076,10557074052.00,165,8949
خاور-ت,13990603,8358.18,8358,8358,8690.07,539889,4432488690.00,130,8798
خاور-ت,13990604,8378.54,0,0,8690.07,0,0.00,0,8690
خاور-ت,13990605,8622.88,8881,8623,8805.11,61419285,531226994916.00,8670,8690
خاور-ت,13990610,8714.50,8857,8541,8631.02,7549213,64001848355.00,1212,8805
خاور-ت,13990611,8372.44,8372,8372,8600.48,276640,2275087360.00,91,8631
خاور-ت,13990612,8342.91,8343,8343,8579.10,190644,1562327580.00,65,8600
خاور-ت,13990615,8150.50,8151,8151,8324.59,1409320,11283015920.00,147,8579
خاور-ت,13990616,8075.17,8075,8075,8220.75,984761,7811124252.00,109,8325
خاور-ت,13990617,7974.38,7974,7974,8215.66,48517,380033661.00,30,8221
خاور-ت,13990618,7969.29,7969,7969,8209.55,60293,471973604.00,28,8216
خاور-ت,13990619,7799.27,7799,7799,8110.80,571397,4377472417.00,143,8210
خاور-ت,13990622,7867.48,7867,7867,8052.77,595589,4602711792.00,143,8111
خاور-ت,13990623,7811.49,7811,7811,8044.62,89351,685590223.00,44,8053
خاور-ت,13990624,7803.35,7803,7803,8024.26,214418,1643513970.00,68,8045
خاور-ت,13990625,7623.15,7623,7623,7623.15,3295276,24675026688.00,531,8024
خاور-ت,13990626,7395.11,7395,7395,7516.26,1177624,8554260736.00,205,7623
خاور-ت,13990629,7291.27,7291,7291,7495.90,247570,1773096340.00,48,7516
خاور-ت,13990630,7271.92,7272,7272,7489.79,69661,497588523.00,22,7496
خاور-ت,13990631,7116.16,7116,7116,7473.50,120008,838855920.00,36,7490
خاور-ت,13990701,7249.53,7250,7250,7468.41,60019,427395299.00,15,7473
خاور-ت,13990702,7244.44,7244,7244,7458.23,122004,868180464.00,35,7468
خاور-ت,13990705,7235.28,7235,7235,7448.05,119341,848156487.00,25,7458
خاور-ت,13990706,7076.46,7076,7076,7440.92,53452,371544852.00,25,7448
خاور-ت,13990707,7217.97,7218,7218,7438.88,19732,139899880.00,10,7441
خاور-ت,13990708,7215.93,7216,7216,7437.87,18448,130759424.00,15,7439
خاور-ت,13990709,7214.91,7215,7215,7425.65,155098,1099179526.00,30,7438
خاور-ت,13990712,7055.08,7055,7055,7289.23,1008335,6987761550.00,174,7426
خاور-ت,13990713,7071.37,7071,7071,7271.92,221862,1541053452.00,63,7289
خاور-ت,13990714,7054.06,7054,7054,7253.60,232962,1614193698.00,39,7272
خاور-ت,13990715,0,0,0,7235.32,0,0.00,0,7254
خاور-ت,13990716,7019.02,0,0,7235.32,0,0.00,0,7235
خاور-ت,13990719,0,0,0,7235.32,0,0.00,0,7235
خاور-ت,13990720,7006.84,7007,6797,6971.30,8682441,59605507998.00,685,7235
خاور-ت,13990721,6763.12,6763,6763,6924.58,633808,4221161280.00,151,6971
خاور-ت,13990722,6717.42,6717,6717,6840.30,1148799,7599305385.00,107,6925
خاور-ت,13990723,6635.17,6635,6635,6832.17,105490,689271660.00,29,6840
خاور-ت,13990727,6490.97,6491,6491,6816.94,132426,846466992.00,41,6832
خاور-ت,13990728,6612.83,6613,6613,6812.88,52847,344139664.00,7,6817
خاور-ت,13990729,6608.77,6609,6609,6808.82,61991,403437428.00,23,6813
خاور-ت,13990730,6604.71,6605,6605,6802.73,82353,535623912.00,26,6809
خاور-ت,13990803,6463.55,6464,6464,6777.34,223005,1419426825.00,152,6803
خاور-ت,13990805,6574.24,6574,6574,6766.17,157022,1016560428.00,9,6777
خاور-ت,13990806,6564.09,6564,6564,6763.12,49543,320245952.00,11,6766
خاور-ت,13990807,6561.04,6561,6561,6758.04,67823,438204403.00,24,6763
خاور-ت,13990810,6420.90,6421,6421,6699.15,524957,3319303111.00,51,6758
خاور-ت,13990811,6499.10,6499,6499,6697.11,31906,204198400.00,15,6699
خاور-ت,13990812,6497.06,6497,6497,6696.10,15048,96277104.00,13,6697
خاور-ت,13990814,6496.05,6496,6496,6694.07,29828,190809716.00,10,6696
خاور-ت,13990817,6359.97,6360,6360,6684.93,83753,524545039.00,25,6694
خاور-ت,13990818,6484.88,6485,6485,6675.79,137782,879875852.00,11,6685
خاور-ت,13990819,6475.74,6476,6476,6672.74,53200,339256400.00,13,6676
خاور-ت,13990820,6472.69,6473,6473,6669.70,49160,313345840.00,13,6673
خاور-ت,13990821,6336.62,6337,6337,6640.25,272691,1701591840.00,56,6670
خاور-ت,13990824,6441.21,6441,6441,6622.98,272018,1725410174.00,101,6640
خاور-ت,13990825,6424.97,6425,6425,6424.97,5345234,33819295518.00,176,6623
خاور-ت,13990826,6233.04,6233,6233,6233.04,7269884,44622547992.00,274,6425
خاور-ت,13990827,5922.30,5922,5922,5922.30,7879237,45951710184.00,460,6233
خاور-ت,13990828,5745.61,5890,5746,5785.21,245564803,1399098755148.00,17191,5922
خاور-ت,13990901,5849.19,5849,5613,5652.18,101542503,565177863676.00,8993,5785
خاور-ت,13990902,5483.61,5484,5484,5483.61,4938249,26666544600.00,440,5652
خاور-ت,13990903,5319.10,5534,5319,5344.49,87036722,458079314370.00,7318,5484
خاور-ت,13990904,5321.13,5612,5128,5432.84,92088120,492691177464.00,9507,5344
خاور-ت,13990905,5300.82,5534,5270,5336.37,85144294,447436291005.00,7456,5433
خاور-ت,13990908,5176.94,5331,5177,5185.06,82251527,419960107653.00,6797,5336
خاور-ت,13990909,5325.20,5340,5199,5329.26,27420461,143899442517.00,1613,5185
خاور-ت,13990910,5488.69,5489,5489,5488.69,11999211,64855735455.00,901,5329
خاور-ت,13990911,5653.20,5653,5653,5653.20,11844813,65940073971.00,719,5489
خاور-ت,13990912,5935.50,5936,5707,5914.18,60585386,352821832285.00,3489,5653
خاور-ت,13990915,6090.87,6091,6091,6090.87,7626561,45744112878.00,535,5914
خاور-ت,13990916,6272.64,6273,6273,6272.64,5086055,31416561735.00,460,6091
خاور-ت,13990917,6460.51,6461,6461,6460.51,10159370,64633911940.00,968,6273
خاور-ت,13990918,6783.43,6783,6783,6783.43,8724927,58282512360.00,684,6461
خاور-ت,13990919,6986.53,6987,6987,6986.53,7659450,52697016000.00,653,6783
خاور-ت,13990922,7195.72,7196,7196,7195.72,5676979,40227073194.00,541,6987
خاور-ت,13990923,7411.00,7411,7411,7411.00,8158724,59542367752.00,618,7196
خاور-ت,13990925,7189.00,7500,7189,7231.00,17603282,127282046331.00,1583,7411
خاور-ت,13990926,7015.00,7447,7015,7303.00,90144001,658358194086.00,8174,7231
خاور-ت,13990929,0.00,0,0,7303.00,0,0.00,0,7303
خاور-ت,13990930,0.00,0,0,7303.00,0,0.00,0,7303
خاور-ت,13991001,8180.00,0,0,7303.00,0,0.00,0,7303
خاور-ت,13991002,7522.00,7522,7522,7522.00,4506836,33900420392.00,294,7303
خاور-ت,13991003,7747.00,7747,7747,7747.00,6749020,52284657940.00,624,7522
خاور-ت,13991006,0.00,0,0,7747.00,0,0.00,0,7747
خاور-ت,13991007,0.00,0,0,7747.00,0,0.00,0,7747
خاور-ت,13991008,0.00,0,0,7747.00,0,0.00,0,7747
خاور-ت,13991009,7979.00,7979,7850,7978.00,34121358,272235248752.00,1305,7747
خاور-ت,13991010,8217.00,8217,8217,8217.00,9584459,78755499603.00,871,7978
خاور-ت,13991013,8463.00,8463,8217,8449.00,78250827,661129278714.00,3920,8217
خاور-ت,13991014,8570.00,8702,8300,8603.00,97602645,839697735425.00,10175,8449
خاور-ت,13991015,8345.00,8600,8345,8361.00,40370425,337529454173.00,3868,8603
خاور-ت,13991016,8200.00,8611,8200,8535.00,29483537,251640201623.00,2197,8361
خاور-ت,13991017,0.00,0,0,8535.00,0,0.00,0,8535
خاور-ت,13991020,0.00,0,0,8535.00,0,0.00,0,8535
خاور-ت,13991021,0.00,0,0,8535.00,0,0.00,0,8535
خاور-ت,13991022,0.00,0,0,8535.00,0,0.00,0,8535
خاور-ت,13991023,0.00,0,0,8535.00,0,0.00,0,8535
خاور-ت,13991024,0.00,0,0,8535.00,0,0.00,0,8535
خاور-ت,13991027,0.00,0,0,8535.00,0,0.00,0,8535
خاور-ت,13991029,8279.00,8279,8279,8481.00,496062,4106897298.00,54,8535
خاور-ت,13991030,8227.00,8481,8227,8252.00,59486352,490876983790.00,3677,8481
خاور-ت,13991101,8030.00,8227,8005,8031.00,43683578,350835322055.00,3887,8252
خاور-ت,13991104,7880.00,8110,7791,7831.00,62203270,487133179257.00,5567,8031
خاور-ت,13991105,8060.00,8065,7597,7847.00,44594208,349922565296.00,4235,7831
خاور-ت,13991106,7612.00,7799,7612,7627.00,22638138,172650791070.00,2149,7847
خاور-ت,13991107,7400.00,7555,7399,7403.00,5810892,43017640959.00,567,7627
خاور-ت,13991108,7181.00,7290,7181,7184.00,16596247,119222200111.00,1039,7403
خاور-ت,13991111,6855.00,7504,6840,7129.00,30508547,217484431348.00,3680,7184
خاور-ت,13991112,7219.00,7220,6916,6950.00,14695724,102135389577.00,1243,7129
خاور-ت,13991113,6742.00,6900,6742,6751.00,11150546,75279933663.00,690,6950
خاور-ت,13991114,6549.00,6890,6549,6630.00,29156873,193296909855.00,2309,6751
خاور-ت,13991115,6710.00,6961,6370,6734.00,28212110,189973664622.00,3140,6630
خاور-ت,13991118,6532.00,6600,6532,6642.00,1372189,8966497286.00,142,6734
خاور-ت,13991119,6443.00,6841,6443,6759.00,27104324,183209101634.00,2210,6642
خاور-ت,13991120,6900.00,6961,6610,6916.00,24015745,166082286374.00,1360,6759
خاور-ت,13991121,7110.00,7123,6880,7015.00,22893041,160605953611.00,2169,6916
خاور-ت,13991125,7210.00,7215,6875,6963.00,32527036,226494229751.00,2937,7015
خاور-ت,13991126,6850.00,6950,6824,6830.00,7943416,54250179372.00,492,6963
خاور-ت,13991127,0.00,0,0,6830.00,0,0.00,0,6830
خاور-ت,13991128,0.00,0,0,6830.00,0,0.00,0,6830
خاور-ت,13991129,6694.00,6694,6694,6694.00,4389111,29380709034.00,182,6830
خاور-ت,13991202,6561.00,6561,6561,6672.00,500151,3281490711.00,61,6694
خاور-ت,13991203,6539.00,6539,6539,6563.00,2459387,16081931593.00,55,6672
خاور-ت,13991204,6432.00,6432,6432,6562.00,31777,204389664.00,9,6563
خاور-ت,13991205,6300.00,6300,6300,6300.00,4571544,28800727200.00,154,6562
خاور-ت,13991206,6174.00,6174,6174,6248.00,1231097,7600792878.00,84,6300
خاور-ت,13991209,6124.00,6124,6124,6245.00,75393,461706732.00,28,6248
خاور-ت,13991210,6121.00,6121,6121,6243.00,42650,261060650.00,11,6245
خاور-ت,13991211,5994.00,5994,5994,6195.00,622564,3731648616.00,96,6243
خاور-ت,13991212,6072.00,6072,6072,6112.00,2148132,13043457504.00,67,6195
خاور-ت,13991213,5990.00,5990,5990,6031.00,2130657,12762635430.00,69,6112
خاور-ت,13991216,0.00,0,0,6031.00,0,0.00,0,6031
خاور-ت,13991217,0.00,0,0,6031.00,0,0.00,0,6031
خاور-ت,13991218,5911.00,5911,5911,6003.00,769601,4549111511.00,103,6031
خاور-ت,13991219,5883.00,5883,5883,5984.00,516261,3037163463.00,89,6003
خاور-ت,13991220,5865.00,5865,5865,5972.00,322983,1894295295.00,43,5984
خاور-ت,13991223,5853.00,5853,5853,5853.00,6299262,36869580486.00,181,5972
خاور-ت,13991224,0.00,0,0,5853.00,0,0.00,0,5853
خاور-ت,13991225,0.00,0,0,5853.00,0,0.00,0,5853
خاور-ت,13991226,0.00,0,0,5853.00,0,0.00,0,5853
خاور-ت,13991227,0.00,0,0,5853.00,0,0.00,0,5853
خاور-ت,14000107,0.00,0,0,5853.00,0,0.00,0,5853
خاور-ت,14000108,0.00,0,0,5853.00,0,0.00,0,5853
خاور-ت,14000110,0.00,0,0,5853.00,0,0.00,0,5853
خاور-ت,14000111,0.00,0,0,5853.00,0,0.00,0,5853
خاور-ت,14000114,0.00,0,0,5853.00,0,0.00,0,5853
خاور-ت,14000115,0.00,0,0,5853.00,0,0.00,0,5853
خاور-ت,14000116,0.00,0,0,5853.00,0,0.00,0,5853
خاور-ت,14000117,0.00,0,0,5853.00,0,0.00,0,5853
خاور-ت,14000118,0.00,0,0,5853.00,0,0.00,0,5853
خاور-ت,14000121,0.00,0,0,5853.00,0,0.00,0,5853
خاور-ت,14000122,0.00,0,0,5853.00,0,0.00,0,5853
خاور-ت,14000123,0.00,0,0,5853.00,0,0.00,0,5853
خاور-ت,14000124,0.00,0,0,5853.00,0,0.00,0,5853
خاور-ت,14000125,0.00,0,0,5853.00,0,0.00,0,5853
خاور-ت,14000128,0.00,0,0,5853.00,0,0.00,0,5853
خاور-ت,14000129,0.00,0,0,5853.00,0,0.00,0,5853
خاور-ت,14000130,0.00,0,0,5853.00,0,0.00,0,5853
خاور-ت,14000131,0.00,0,0,5853.00,0,0.00,0,5853
خاور-ت,14000201,0.00,0,0,5853.00,0,0.00,0,5853
خاور-ت,14000204,0.00,0,0,5853.00,0,0.00,0,5853
خاور-ت,14000205,0.00,0,0,5853.00,0,0.00,0,5853
خاور-ت,14000206,0.00,0,0,5853.00,0,0.00,0,5853
خاور-ت,14000207,0.00,0,0,5853.00,0,0.00,0,5853
خاور-ت,14000208,0.00,0,0,5853.00,0,0.00,0,5853
خاور-ت,14000211,0.00,0,0,5853.00,0,0.00,0,5853
خاور-ت,14000212,0.00,0,0,5853.00,0,0.00,0,5853
خاور-ت,14000213,0.00,0,0,5853.00,0,0.00,0,5853
خاور-ت,14000215,0.00,0,0,5853.00,0,0.00,0,5853
خاور-ت,14000218,0.00,0,0,5853.00,0,0.00,0,5853
خاور-ت,14000219,0.00,0,0,5853.00,0,0.00,0,5853
خاور-ت,14000220,0.00,0,0,5853.00,0,0.00,0,5853
خاور-ت,14000221,0.00,0,0,5853.00,0,0.00,0,5853
خاور-ت,14000222,5020.00,5020,5020,5020.00,3798035,19066135700.00,107,5853
خاور-ت,14000225,4870.00,5143,4870,4888.00,27141709,132681271835.00,1594,5020
خاور-ت,14000226,4742.00,4950,4742,4832.00,24245852,117154311803.00,1899,4888
خاور-ت,14000227,4900.00,4945,4688,4751.00,11941046,56734995036.00,990,4832
خاور-ت,14000228,4630.00,4692,4609,4612.00,19179383,88449906503.00,802,4751
خاور-ت,14000229,4474.00,4600,4474,4475.00,5792215,25921306165.00,227,4612
خاور-ت,14000301,4341.00,4341,4341,4341.00,5015378,21771755898.00,88,4475
خاور-ت,14000302,4124.00,4124.00,4124.00,4124.00,3414846,14082824904.00,86,4341.00
